$ANSIBLE_VAULT;1.1;AES256
66633937623133363765633531313230303939663565336535323838393330653736626236393664
3063323137623135643738656535643034653530313330610a386236376163623266623333396632
35316439303632336331653461653261303136663761313830346232626633643330343434653263
3733393838643863610a653766323134363734613564353436646164333634356336613532643162
31653163346662346337353139633662626637346231343030366135653633343666663364623034
38306530383837393461623266363132303532643132613764353861316564373938663962376535
35383536636231343838373331363766333061363331323938626561363235306335366366306566
36613363616136653430613135393763353232643665663665613733316166623566326334376133
36376337373234363262616235666263623539373034613739346336663736643735333036326439
34333537323262313635653836363336303835303539663164356232633963616636306139353063
63356633383135393533643263653135356535323066363336643963366233626135666261326131
32323836323333616235
